id,nombre,vac1dosis,vac2dosis,sinVacunar
3,Albania,32,12,56
7,Sweden,1,20,79
18,Dominica,33,11,56
20,Uganda,18,3,79
23,Egypt,7,34,59
24,Poland,12,7,81
29,Nigeria,32,13,55
35,Colombia,9,35,56
41,Peru,6,7,87
57,United Kingdom,9,18,73
59,Uruguay,5,34,61
72,Iran,14,4,82
73,Afghanistan,5,17,78
81,Nigeria,14,28,58
84,Japan,11,29,60
91,Chile,6,8,86
98,Guatemala,21,19,60
